Model: PROPHET
MSE: 435.1552134002118
MAE: 16.531705181110006
Predictions:
26.46189739699738
27.59504693097776
26.535785871863798
25.12167347836556
23.65100408898713
22.088326431860622
20.113233518632917
17.894789046722487
17.814320803716782
15.627315794105325
13.211141828691838
10.902387652912827
8.701173524789771
6.318775564080777
3.950966316936668
3.9998368593242013
2.2348672093796083
0.5399980404456919
-0.7494806917949823
-1.6428542601617444
-2.446365583790353
-2.989647779185745
-0.903443030655243
-0.4578494154419701
0.18564215559096553
1.3121149475463483
2.8585399141847603
4.462758429532386
6.238505265652343
10.499195675867304
12.921192916362296
15.293251140113188
17.85588519374473
20.507968949889264
22.856846796759
24.994295184919892
29.22102896557035
31.210445630498626
32.75828580317111
34.12195211431176
35.226786229846375
35.71559444995303
35.723772144548406
37.6027423813714
37.082429208452545
36.0194772970994
34.73499853574708
33.219187841612666
31.179143965752974
28.812292498507734
28.528173628162413
26.109361221879233
23.458268630785213
20.933661832521004
18.55425736547265
16.045770151644327
13.613831002330901
13.665551534211009
11.970510357302803
10.407915101425507
9.303751918324535
8.635283016816548