Model: XGB
MSE: 7.44517183491582
MAE: 1.6918527233985163
Predictions:
24.999044
31.037767
29.499367
29.499367
29.499367
29.499367
30.001621
30.00067
30.00067
30.00067
30.00067
30.00067
30.00067
40.010685
39.069744
39.069744
39.069744
39.069744
39.069744
39.069744
35.001778
35.12012
35.12012
35.12012
35.12012
35.12012
30.019987
30.00067
30.00067
30.00067
30.00067
30.00067
30.00067
30.00067
40.010685
39.069744
35.001778
35.12012
35.12012
35.12012
35.12012
32.09918
32.50261
32.50261
32.402687
31.245604
29.499367
29.499367
29.499367
29.499367
29.499367
29.499367
29.499367
29.499367
29.499367
27.506542
32.50261
32.50261
32.50261
32.50261
32.50261
32.402687