Model: RF
MSE: 7.411426213810755
MAE: 1.8541575585659549
Predictions:
28.007684198526686
30.391875331456337
30.391875331456337
39.40828998608799
39.40828998608799
35.03948513076884
35.03948513076884
35.03948513076884
35.03948513076884
35.03948513076884
35.03948513076884
35.03948513076884
35.03948513076884
30.391875331456337
29.01875325254936
29.01875325254936
29.01875325254936
29.01875325254936
29.01875325254936
29.01875325254936
29.01875325254936
29.01875325254936
29.01875325254936
29.01875325254936
35.03948513076884
35.03948513076884
35.03948513076884
35.03948513076884
35.03948513076884
35.03948513076884
30.391875331456337