Model: TRANSFORMER
MSE: 6.308565592004973
MAE: 1.2798944439804345
Predictions:
27.706562
29.568413
29.568413
29.568413
29.568413
29.568413
29.568413
29.568413
39.45611
39.45611
39.45611
39.45611
39.45611
39.45611
39.45611
34.51604
34.51604
34.51604
34.51604
34.51604
34.51604
29.568413
29.568413
29.568413
29.568413
29.568413
29.568413
29.568413
29.568413
39.45611
39.45611
34.51604
34.51604
34.51604
34.51604
34.51604
33.314587
33.314587
33.314587
29.568413
27.706562
27.706562
27.706562
27.706562
27.706562
27.706562
27.706562
27.706562
27.706562
27.706562
33.314587
33.314587
33.314587
33.314587
33.314587
33.314587
29.568413