Model: TRANSFORMER
MSE: 31.985510009206205
MAE: 3.489056042262486
Predictions:
25.801445
39.984776
39.984776
39.984776
39.984776
39.984776
39.448845
39.448845
39.448845
39.448845
39.448845
39.448845
39.448845
39.448845
39.448845
39.448845
39.448845
39.448845
39.448845
39.448845
38.51143
38.51143
38.51143
38.51143
39.973648
39.973648
39.973648
39.973648
39.973648
39.973648
39.973648
34.577293
34.577293
34.577293
34.577293
34.577293
32.33558
32.33558
32.33558
34.577293
31.788904
31.788904
33.465546
33.465546
33.465546
33.465546
33.465546
33.465546
25.801445
25.801445
25.801445
25.801445
25.801445
25.801445
25.801445
25.801445