Model: LSTM
MSE: 35.45177539666981
MAE: 3.354442664555141
Predictions:
24.88946
33.8674
37.962376
42.037457
46.75756
52.4256
48.669243
47.37715
45.610695
43.546093
41.289337
41.289337
41.289337
41.289337
41.289337
41.289337
41.289337
41.289337
41.289337
41.289337
40.637794
40.324123
39.89964
39.409306
39.64526
40.459194
41.48207
42.641785
43.83045
43.83045
43.830444
39.851112
38.28674
37.06526
35.77592
34.37286
33.582607
33.183537
32.96971
33.524906
32.657455
32.422676
32.951584
33.240158
33.09433
33.27058
33.456276
33.456276
29.84961
27.649313
26.246918
25.415386
24.88946
24.88946
24.88946
24.88946