Model: SARIMA
MSE: 34.6947138968896
MAE: 4.90849617550641
Predictions:
29.455876146895466
30.933960132688984
32.10572002368032
32.11838294523539
33.58791182166604
34.893895323140995
36.24943823855175
37.08379718882875
37.85014256898175
37.891049955063295
38.96919963511512
39.36829525213032
39.82084655567516
40.29175242804726
40.871030831783465
42.311945264827216
42.29863874871441
42.26742903020294
42.032872798987725
42.10479568340189
42.087688453556964
42.57026158485285
41.999504476563565
41.90308653963888
41.641252206119276
41.25423010294235
40.671756609812924
39.23654424798285
39.00849468435565
38.72559548116092
38.56146013165749
38.07394229729498
37.62210371709584
36.69329837694613
36.67056445861762
36.209104216503746
35.882479544303884
35.66172713413763
35.615159911091794
36.3302353339056
35.988276553126916
35.71098760323624
35.34853266257599
35.29567168348518
35.23731137191533
35.629583793163015
35.24985264939077
35.2900155111478
35.243180340785
35.135475196744544
34.906534091680285
34.036042477354655
34.13356636611099
34.205229611872184
34.38262775275772
34.315006315548295
34.279876221791696
33.871821665322074
34.171548178005196
34.12204435431402
34.17019945239539
34.29097105963691