Model: SARIMA
MSE: 182.1122677919267
MAE: 11.188131323280116
Predictions:
24.905470493073487
24.96721029835738
24.848187748423346
26.497879000215104
26.61216802500699
26.59041700927448
26.8773755739617
26.167524802949504
26.206419729876867
25.968520228478283
26.000988692096513
26.03225785284466
26.113255463597287
26.163046604045473
26.209561051176923
26.253014440122616
26.293608215332487
26.33153056444659
26.366957290709347
26.40005262797129
26.43097000205655
26.459852742025692
26.48683474463124
26.51204109504618
26.535588646743104
26.55758656321223
26.578136824029613
26.59733469762165
26.615269182917537
26.632023421937088
26.64767508522674
26.662296731930404
26.675956146164545
26.68871665125685
26.700637403305183
26.711773665417844
26.722177063906386
26.7318958276187
26.74097501152191
26.749456705571518
26.75738022983516
26.764782316775495
26.771697281537286
26.7781571810281
26.78419196253009
26.78982960253186
26.795096236423916
26.800016279659065
26.804612540939406
26.80890632795457
26.812917546161522
26.816664791063737
26.820165434417632
26.823435704765828
26.826490762670662
26.829344770996617
26.832010960567597
26.834501691503373
26.836828510519528
26.839002204456587
26.84103285028645