Model: RF
MSE: 29.015832274535875
MAE: 2.970717383081401
Predictions:
20.430995187590195
24.801244444444446
25.053
25.158
25.016000000000002
25.016000000000002
38.199999999999996
38.544999999999995
39.839999999999996
40.185
41.275
41.019999999999996
40.45499999999999
40.66499999999999
40.46499999999999
41.04999999999999
40.82499999999999
42.274999999999984
43.64999999999999
44.32499999999999
42.634999999999984
43.509999999999984
43.374999999999986
43.27499999999999
43.19999999999999
42.74999999999999
42.224999999999994
42.32499999999999
42.44999999999999
43.19999999999998
42.98999999999998
43.06999999999998
43.23999999999998
43.28999999999998
43.51499999999997
43.84999999999998
38.75
37.03
36.30499999999999
35.72999999999999
35.609999999999985
34.90499999999999
34.804999999999986
34.60499999999999
34.71999999999999
33.589999999999996
33.279999999999994
32.224999999999994
32.075
32.29
32.15
32.13999999999999
31.715
25.720000000000002
25.905
25.785
25.410000000000004
25.685000000000002
27.425
27.425
27.42